842142113626
842142113633
842142113640
842142113657
842142113664
842142113435
842142113442
842142113459
842142110151
842142106475
842142106482
842142106499
842142113466
842142113473
842142113480
842142110168
842142110175
842142110182
842142110199
842142109179
842142109209
842142109230
842142109261
842142108776
842142108806
842142108837
842142108868
842142105799
842142105805
842142105812
842142105850
842142105638
842142105829
842142105645
842142105652
842142105867
842142105836
842142105843
842142105706
842142105713
842142105553
842142105751
842142105560
842142105720
842142105577
842142105584
842142105768
842142105737
842142105744