Kr/st, netto, Rek capris, EAN
247	514	7331059111809
335	698	7331059112400
247	514	7331059111816
247	514	7331059111847
247	514	7331059111878
268	558	7331059111885
268	558	7331059111892
335	698	7331059112417
335	698	7331059112448
335	698	7331059112479
356	742	7331059112486
356	742	7331059112493
387	807	7331059112813
387	807	7331059112844
387	807	7331059112875
408	851	7331059112882
408	851	7331059112899
656	1367	7331059113612
677	1411	7331059113681
274	571	7331059120016
274	571	7331059120047
274	571	7331059120078
300	626	7331059120085
300	626	7331059120092
347	722	7331059120115
347	722	7331059120146
347	722	7331059120177
371	772	7331059120184
371	772	7331059120191
400	833	7331059120214
400	833	7331059120245
400	833	7331059120276
425	886	7331059120283
425	886	7331059120290
363	757	7331059120313
363	757	7331059120344
363	757	7331059120375
391	814	7331059120382
391	814	7331059120399
431	897	7331059120719
431	897	7331059120740
431	897	7331059120771
455	947	7331059120788
455	947	7331059120795
333	693	7331059120610
333	693	7331059120641
333	693	7331059120672
359	748	7331059120689
359	748	7331059120696
333	693	7331059120818
333	693	7331059120849
333	693	7331059120870
359	748	7331059120887
359	748	7331059120894
333	693	7331059120917
333	693	7331059120948
333	693	7331059120979
359	748	7331059120986
359	748	7331059120993
333	693	7331059121013
333	693	7331059121044
333	693	7331059121075
359	748	7331059121082
359	748	7331059121099
333	693	7331059121419
333	693	7331059121440
333	693	7331059121471
359	748	7331059121488
635	1323	7331059121549
635	1323	7331059121570
662	1378	7331059121587
662	1378	7331059121594
521	1085	7331059121112
546	1138	7331059121181
546	1138	7331059121198
620	1291	7331059121211
642	1337	7331059121280
642	1337	7331059121297
383	798	7331059145019
383	798	7331059145040
383	798	7331059145071
410	853	7331059145088
410	853	7331059145095
512	1068	7331059140304
490	1022	7331059140359
636	1326	7331059140106
636	1326	7331059140113
597	1245	7331059140151
749	1560	7331059140205
749	1560	7331059140212
712	1483	7331059140250
853	1776	7331059140502
775	1614	7331059140557
993	2069	7331059140700
916	1908	7331059140755
1008	2100	7331059176013
923	1923	7331059176051
1008	2100	7331059178055
286	595	7331059128203
227	473	7331059128906
285	593	7331059202804
186	387	7331059148102
215	448	7331059140007
362	755	7331059143909
117	243	7331059901806
117	243	7331059902209
125	260	7331059902506
161	335	7331059902605
173	361	7331059902803
232	483	7331059903008
232	483	7331059903206
230	479	7331059903305
168	350	7331059912505
224	466	7331059912802
143	298	7331059902087
161	335	7331059902483
192	400	7331059902889
189	394	7331059941604
189	394	7331059941802
208	433	7331059942007
240	501	7331059942601
790	1645	7331059148003
763	1590	7331059148058
688	1433	7331059148096
64	133	7331059203900
762	1588	7331059209001
60	125	7331059209018
106	221	7331059208080
79	164	7331059208097
348	724	7331059200107
183	381	7331059151607
203	422	7331059152000
274	571	7331059152604
209	435	7331059152406
533	1111	7331059150808
215	448	7331059151805
215	448	7331059151904
215	448	7331059152109
261	545	7331059152307
32	66	7331059150501
42	88	7331059156008
101	199	7331059756107
278	580	7331059156206
45	94	7331059156305
102	212	7331059154004
102	212	7331059154103
159	330	7331059154202
159	330	7331059154301
159	330	7331059154400
102	212	7331059154509
102	212	7331059154608
102	212	7331059154707
127	265	7331059154806
127	265	7331059154905
127	265	7331059155001
46	96	7331059155100
46	96	7331059155209
46	96	7331059155308
127	265	7331059155407
954	1988	7331059732905
954	1988	7331059373290
954	1988	7331059722401
954	1988	7331059372248
318	663	7331059102081
349	726	7331059102487
402	838	7331059102685
438	912	7331059102883
524	1092	7331059103088
612	1275	7331059109080
635	1323	7331059109288
656	1367	7331059109189
563	1173	7331059103682
563	1173	7331059100186
637	1328	7331059100285
846	1763	7331059100384
710	1479	7331059104184
754	1571	7331059104283
365	761	7331059162009
389	809	7331059162405
443	923	7331059162603
484	1008	7331059162801
585	1218	7331059163006
796	1658	7331059163600
796	1658	7331059165505
651	1356	7331059163204
665	1385	7331059160104
936	1949	7331059160302
485	1011	7331059212414
485	1011	7331059212421
485	1011	7331059212438
606	1262	7331059212810
606	1262	7331059212827
606	1262	7331059212834
970	2021	7331059210113
970	2021	7331059210120
970	2021	7331059210137
258	538	7331059945114
311	648	7331059945121
342	713	7331059945237
436	908	7331059945244
500	1041	7331059945251
846	1763	7331059945268
715	1490	7331059945299
933	1945	7331059948160
1122	2338	7331059948184
1358	2828	7331059949204
1563	3257	7331059949242
980	2041	7331059947200
1439	2997	7331059947279
914	1903	7331059947217
1500	3126	7331059947262
1545	3218	7331059949266
475	1080	7331059951207
555	1260	7331059951245
599	1360	7331059951269
699	1590	7331059951306
899	2045	7331059952280
479	1089	7331059953164
620	1410	7331059953201
869	1979	7331059954246
195	445	7331059956202
220	500	7331059956240
250	569	7331059956264
260	590	7331059956288
275	625	7331059956301
219	456	7331059901400
449	935	7331059901417
199	399	7331059901424
187	389	7331059901004
313	652	7331059901202
328	683	7331059901516
625	1302	7331059901523
328	683	7331059901578
27	57	7331059901905
57	118	7331059901929
80	166	7331059901936
140	291	7331059930301
153	319	7331059930509
167	348	7331059930752
185	385	7331059931001
247	514	7331059931209
285	593	7331059932008
332	691	7331059931605
372	774	7331059932206
214	446	7331059907006
318	663	7331059907013
318	663	7331059907020
227	473	7331059907037
324	676	7331059907044
324	676	7331059907068
285	593	7331059907075
257	536	7331059907082
46	96	7331059907051
93	195	7331059907105