20 12 24 15, 40 11 51 65
20 12 32 77
20 13 34 15, 61 63 34 15
20 14 01 33, 51 36 40 42
20 15 69 65
20 16 05 86
20 18 47 54
20 19 93 07
20 20 00 06
20 20 48 06
20 20 51 77
20 21 18 97
20 22 13 57
20 22 30 95
20 22 81 40
20 23 08 01
20 25 52 98
20 26 19 66
20 26 94 80
20 29 00 33
20 29 91 79
20 30 66 17, 71 70 35 44
20 31 28 76
20 31 42 51, 23 34 74 92
20 32 39 06
20 33 80 99, 60 72 70 82, 24 89 75 52
20 35 54 24
20 37 22 58
20 40 77 86
20 40 79 30
20 40 80 44
20 41 72 27, 51 80 60 89
20 43 52 73
20 44 07 74
20 44 16 84
20 46 06 66
20 46 48 85
20 46 60 88
20 46 68 88, 98 49 14 80, 24 66 79 80
20 48 26 39, 22 44 33 65, 25 60 26 39
20 48 50 93
20 48 88 44
20 49 81 23, 30 29 43 19
20 51 99 66
20 53 13 63
20 58 17 15
20 58 87 08, 20 89 60 24
20 60 60 55
20 61 06 29
20 63 41 97
20 63 50 00
20 63 80 68
20 64 10 19, 22 57 77 28
20 64 38 61
20 65 32 58
20 66 40 70
20 67 47 37, 60 45 61 30, 31 72 46 66
20 67 71 46
20 67 94 68, 21 75 90 66
20 67 99 08, 53 61 52 44
20 68 14 30, 22 73 59 12
20 68 48 71
20 68 62 09
20 68 71 72, 22 14 70 28, 22 14 70 98
20 69 83 38, 31 36 19 11, 22 91 18 09, 25 74 83 33
20 69 90 99, 22 17 21 65
20 72 25 54
20 72 88 50
20 77 10 05, 20 76 44 71, 20 77 53 12
20 78 79 51
20 80 54 83, 20 41 40 77
20 81 68 40
20 82 03 79
20 87 10 78
20 87 83 99
20 87 95 08
20 89 26 89, 40 52 58 58
20 90 43 21
20 91 19 15, 20 34 23 24
20 91 83 55, 28 45 72 97
20 91 91 60, 22 98 53 54
20 92 21 43, 40 95 97 50
21 12 06 74, 21 12 99 71, 21 12 04 54
21 16 51 43, 20 66 51 43, 23 20 51 43
21 19 39 88, 20 53 61 66, 21 19 41 06
21 19 71 72
21 20 05 68
21 20 07 28
21 22 00 62
21 23 14 43, 21 28 04 46
21 24 12 71, 22 41 89 14
21 24 34 99
21 25 43 95
21 26 01 49
21 26 24 66
21 28 44 42
21 28 77 17
21 29 40 32
21 31 58 99, 30 34 22 55
21 31 64 89
21 35 43 47, 93 92 14 43, 21 35 43 36
21 35 70 84, 21 35 72 60
21 36 12 13, 51 53 13 14, 29 65 93 31
21 40 44 34
21 41 12 19
21 42 28 84, 61 47 96 35
21 43 21 09
21 45 75 01, 20 49 67 67, 40 13 83 70
21 45 88 32
21 47 01 24
21 47 69 52
21 47 89 81, 47 74 84 53
21 47 90 23
21 48 11 13, 29 79 02 81
21 48 28 70, 91 15 62 66, 42 72 55 45
21 48 42 82, 40 20 45 57, 22 44 31 25
21 49 43 79
21 51 16 19, 30 59 79 13, 23 27 05 99
21 52 99 74
21 60 45 85
21 60 75 47
21 62 65 97
21 65 07 62
21 65 40 84
21 65 86 78
21 66 85 30, 40 72 87 87
21 67 40 02
21 68 02 20
21 68 05 40
21 68 94 46
21 69 71 88
21 72 27 60
21 73 40 75, 40 29 59 69
21 73 94 74
21 74 87 97, 51 33 57 84
21 75 46 61
21 77 82 84, 51 56 46 00
21 80 02 75, 21 21 17 14
21 82 34 44, 22 34 37 77
21 83 10 80, 52 30 44 01, 20 77 74 97
21 86 51 92
21 86 64 27
21 90 35 10
21 91 29 00, 21 91 29 21
21 91 98 76
21 96 88 66, 30 34 80 00
21 97 15 32
21 97 67 00
22 11 04 00, 31 33 27 18, 31 36 54 45
22 12 32 43
22 15 38 05, 22 62 47 27
22 16 46 65, 60 59 15 28, 20 81 46 60, 22 22 46 60, 22 50 46 64, 20 71 46 65
22 16 67 96
22 16 81 19, 71 75 94 04
22 16 99 89, 40 52 21 75
22 17 33 42
22 20 37 11
22 21 62 35
22 21 67 69, 30 33 67 69
22 24 79 52
22 27 02 52
22 29 34 04, 41 83 25 27
22 31 44 08
22 32 55 24
22 32 63 50
22 34 21 92
22 36 22 71, 22 59 22 77, 21 42 91 59
22 37 37 22
22 38 16 43, 51 72 17 22
22 38 34 00
22 41 40 11
22 42 07 78, 40 10 38 97
22 42 53 77, 24 44 79 34
22 42 86 02, 42 33 30 01
22 43 02 38, 22 56 02 38
22 43 55 14, 23 60 60 81, 22 89 60 81, 60 60 32 60
22 45 60 65, 28 90 98 22, 60 11 67 50
22 48 80 84, 22 22 24 88, 31 11 00 30
22 49 47 00
22 55 44 58
22 55 82 01
22 56 08 22
22 57 17 09
22 59 99 57, 51 94 29 25, 51 91 99 95, 51 90 04 02
22 61 86 28, 22 48 46 05
22 62 19 02
22 63 12 09, 81 74 17 84
22 63 46 78
22 64 06 69, 51 77 95 18
22 64 14 70
22 67 31 74, 25 61 53 76, 21 27 29 32
22 67 47 77
22 67 77 49
22 69 27 20
22 72 18 48, 41 16 18 48
22 72 19 28
22 72 98 10, 40 50 92 12
22 74 71 88
22 75 18 68
22 77 90 66, 22 77 90 67
22 78 95 51, 31 14 24 81, 26 53 16 04
22 83 19 12, 22 22 59 93, 40 75 35 28, 21 81 16 23
22 83 89 80
22 87 25 82, 22 63 78 99
22 87 54 62
22 88 45 77
22 89 54 57
22 91 79 01
22 95 38 86, 40 50 19 19, 23 39 38 86
22 98 02 17
22 99 76 04, 20 40 20 67
23 11 40 93, 51 26 50 93
23 22 88 96
23 23 01 10
23 23 23 21, 22 52 94 33
23 24 92 11
23 26 63 11
23 26 71 90, 23 70 75 10, 23 96 06 45
23 28 89 36
23 31 02 30, 50 48 09 55
23 32 14 60
23 32 35 16, 51 20 16 42, 24 47 33 86
23 32 58 30, 23 32 58 71
23 33 09 20, 51 29 03 97
23 34 48 99, 26 36 27 84
23 34 64 80
23 42 58 35, 71 94 36 62
23 43 60 05
23 43 83 12, 24 42 12 38
23 44 33 94, 29 43 85 86
23 48 98 68, 22 53 15 75
23 49 56 44
23 49 89 73, 40 47 54 57
23 60 30 21, 53 65 30 21
23 60 66 24
23 61 73 25
23 62 13 63, 60 58 12 03, 60 59 89 79, 61 69 69 07
23 64 82 00
23 65 06 58, 21 73 55 83
23 65 34 44
23 65 50 05, 40 16 72 64, 21 37 00 38, 20 74 68 50
23 71 16 71, 51 31 01 89
23 74 21 60, 23 74 23 60, 52 11 71 15
23 82 17 14, 23 96 20 08
23 83 50 29, 24 26 33 29
23 86 67 67
23 87 40 93, 61 73 66 31, 23 62 27 75, 29 88 46 25
23 88 46 51
23 95 36 38
23 98 44 13
23 98 87 27, 25 21 85 51
24 20 31 17
24 20 58 89, 71 75 06 24, 29 99 80 87
24 21 20 25, 30 29 05 56
24 21 53 37
24 22 04 09
24 22 32 28
24 23 46 32, 42 70 30 41, 26 79 43 49, 23 80 46 32
24 23 86 50
24 23 86 92
24 24 97 16, 24 48 03 33
24 25 68 87, 40 43 59 58
24 25 69 23, 24 84 96 05
24 28 85 83
24 37 40 00
24 40 14 14
24 42 32 88, 51 16 24 88, 53 83 11 70, 20 83 45 88
24 43 15 96, 40 50 82 80
24 46 16 21, 24 46 07 14
24 47 04 46
24 48 35 28
24 60 07 58, 71 70 28 67
24 61 59 83
24 62 10 50
24 62 88 45
24 63 35 22
24 63 55 96
24 80 29 76, 29 29 78 20, 91 54 35 38
24 84 06 26, 40 16 93 05
24 85 74 75
24 89 75 97, 29 28 90 88
24 97 38 96
25 11 15 11
25 11 73 07, 29 85 88 07
25 12 06 27
25 12 80 96
25 30 15 88
25 32 21 22
25 35 27 00
25 36 92 10
25 37 19 54
25 37 91 37
25 38 02 64, 41 11 26 49
25 39 07 02, 60 60 63 35
25 40 49 77, 25 38 01 52
25 41 67 36
25 46 18 80
25 47 44 25
25 48 05 25, 26 32 24 25
25 53 31 32
25 54 18 01, 40 49 30 09, 22 11 02 11
25 56 01 26, 20 72 94 79
25 56 34 10
25 58 27 12, 29 80 85 31, 23 96 70 81
25 66 92 25, 60 57 29 89
25 67 70 72
25 74 20 89
25 75 98 98, 23 40 68 62, 22 31 68 62, 40 92 21 42
26 11 01 92
26 11 48 83, 28 88 68 70
26 12 51 15
26 12 82 09, 26 44 80 11
26 16 46 51, 26 17 46 51, 26 16 46 50
26 17 52 01, 20 48 55 87, 25 59 55 87
26 17 89 65
26 19 48 63
26 22 01 96, 20 53 48 53
26 22 07 60
26 22 10 98
26 22 83 77, 51 72 10 32
26 23 40 23, 42 19 48 80, 20 32 06 82
26 23 49 33
26 23 86 57, 50 92 61 34, 22 75 18 96
26 23 99 05
26 24 53 85, 40 14 90 77
26 24 69 92, 26 24 65 04, 93 60 53 91, 93 60 57 83
26 25 01 01
26 27 57 28, 20 96 56 36, 30 62 04 22
26 28 82 46, 50 94 63 61, 23 20 82 46
26 29 27 10
26 31 22 02
26 33 21 01, 27 93 00 24, 40 21 01 60
26 34 07 07
26 35 20 16
26 38 38 06
26 39 06 77
26 39 16 50
26 43 48 01, 26 46 04 90
26 49 08 11, 45 81 36 41, 26 24 36 41, 26 71 36 41
26 64 13 44, 40 80 85 80
26 64 39 00
26 66 97 62
26 70 34 62
26 72 71 70, 26 72 71 71
26 73 25 80
26 74 04 70
26 77 31 48, 22 74 26 73
26 78 46 95
26 78 82 80
26 79 77 08
26 81 22 06
26 81 44 22
26 84 13 93
26 84 58 90
26 85 66 74
26 86 55 20, 26 77 25 20, 23 35 03 48
26 91 36 20, 21 76 38 24
27 12 30 27, 30 22 56 80
27 12 32 37
27 12 56 69
27 14 79 90
27 19 49 55
27 20 15 81
27 26 65 50
27 26 96 69
27 50 50 27
27 50 51 63
27 50 95 45
27 57 05 05
27 57 38 62, 93 97 02 36
27 58 52 93
27 59 19 39, 61 65 67 97
27 80 80 99
27 82 38 49, 30 50 82 24
27 84 36 41, 24 97 77 16
27 85 66 88
27 89 88 44, 51 70 42 57, 60 67 27 91
28 10 01 72
28 10 84 95, 91 56 15 90
28 10 98 90
28 11 94 14, 75 80 34 14, 20 66 25 14
28 12 15 22
28 14 70 60
28 15 03 24, 20 93 01 00
28 15 23 34
28 15 26 76, 20 76 88 33, 40 87 65 32
28 18 04 19
28 18 39 99
28 25 31 06, 28 35 99 21
28 34 03 89, 28 15 12 16
28 34 23 53
28 34 30 30
28 35 54 48
28 37 39 34, 51 82 20 00, 41 28 43 00
28 40 44 80
28 44 70 00, 52 99 92 77, 93 60 84 06
28 51 31 65
28 55 08 39
28 56 19 97, 40 68 87 65
28 56 47 14, 27 58 47 14, 61 66 47 14
28 59 20 46
28 59 71 75
28 60 45 87
28 69 13 69, 28 68 83 31, 40 20 04 21
28 72 49 29, 22 88 17 07
28 74 76 33, 40 29 35 08, 26 70 39 77, 20 10 60 11
28 76 17 67
28 77 35 20, 31 21 83 81, 60 19 66 44, 53 64 16 84, 21 63 66 20
28 83 21 99, 60 51 91 71
28 83 86 60, 51 36 94 83, 51 36 95 19
28 87 01 64, 28 87 51 42
28 87 28 02
28 87 60 67, 20 76 07 29, 24 82 41 18
28 87 71 72, 27 12 36 09, 53 56 35 34, 26 22 16 36, 26 21 27 24
28 88 09 89
28 90 92 95
28 91 15 66, 40 11 11 80
28 93 29 62, 26 17 96 10
28 96 46 59, 30 20 28 28
28 99 83 28, 28 99 83 29, 26 79 83 29
29 10 00 34, 29 63 20 72, 26 20 78 96
29 10 32 31, 51 16 27 50
29 16 04 44
29 17 21 04, 40 19 06 24
29 17 76 04
29 17 99 19, 22 37 28 05
29 20 32 20
29 25 92 89
29 26 11 89, 30 45 86 99
29 26 64 94
29 27 39 25, 24 47 82 40, 51 66 03 20, 42 12 68 61
29 29 20 25
29 34 86 24
29 37 11 04, 30 32 59 10
29 40 17 79, 24 59 61 70, 30 22 39 78, 61 26 86 63
29 40 46 66
29 41 17 95, 23 41 95 25, 23 39 80 10, 30 70 14 95
29 43 33 06
29 45 56 78, 42 25 56 78, 61 79 21 85, 61 99 56 78, 42 23 99 59
29 60 70 20, 21 81 94 06, 29 16 00 40
29 61 32 33, 21 15 64 65
29 62 05 25
29 63 02 91
29 65 29 03
29 65 86 19
29 66 53 89, 42 95 06 63
29 70 63 02
29 72 28 03, 53 83 70 03, 93 92 51 24
29 72 49 46
29 73 90 63, 25 35 74 82
29 74 99 40
29 80 11 84, 29 80 47 10, 40 52 12 32
29 80 56 24
29 83 65 36
29 84 25 13
29 86 54 55, 21 29 78 54
29 86 98 31, 51 29 15 20
29 87 47 11, 51 50 87 47
29 87 84 15, 91 56 84 15
29 88 69 46
29 88 76 78, 29 88 27 70
29 89 86 27
29 90 74 88
29 90 91 94, 20 70 69 07
29 91 34 33, 29 91 33 22
29 91 86 27, 30 23 86 27, 29 93 86 27
29 92 78 32, 22 22 97 88, 30 49 67 90
29 93 91 17
30 11 69 92
30 12 80 68, 42 66 22 40, 93 93 17 89
30 23 34 86
30 24 10 05
30 24 45 56
30 24 97 65
30 25 23 10, 93 83 69 18
30 25 49 60
30 25 99 23
30 28 09 90, 30 70 13 66, 51 95 30 28
30 28 59 47
30 28 99 44
30 29 44 74
30 29 54 58, 30 48 23 01, 22 70 49 42
30 30 69 21
30 30 81 53, 40 68 90 53
30 31 13 30
30 31 32 87, 40 18 74 87, 51 83 51 13
30 32 25 28, 26 82 55 28
30 32 34 38
30 33 20 00
30 33 32 92
30 34 08 60, 29 60 87 10
30 45 84 63, 30 70 98 02, 40 30 01 14, 26 25 93 01
30 48 18 10
30 48 62 97
30 48 85 54
30 49 36 49, 30 74 36 49, 26 73 22 43
30 49 73 19, 93 95 20 60
30 49 77 60, 91 53 47 09
30 50 23 89
30 52 05 34, 21 26 47 71
30 52 77 21
30 52 86 50
30 55 08 22, 30 55 22 44
30 56 29 10
30 68 45 86
30 69 21 94
30 70 12 25
30 71 29 88, 21 49 19 59
30 78 04 42, 24 41 83 27
30 81 85 84
30 82 30 01, 31 56 51 29
30 86 38 86, 29 92 89 91, 52 30 00 10
30 91 00 74
30 95 40 65
31 10 06 28
31 10 67 59
31 14 17 19
31 14 65 60
31 16 06 66, 31 74 00 63, 53 86 20 80
31 21 29 18
31 21 78 58
31 22 13 96, 61 54 47 67
31 22 90 38
31 22 99 25
31 31 31 80, 40 96 63 34
31 32 83 71
31 33 13 32
31 33 48 78, 53 88 05 20
31 35 59 95
31 35 90 17
31 38 12 09
31 39 90 61, 53 83 53 19
31 40 02 42
31 41 48 59, 91 52 28 50
31 46 85 65, 21 12 21 19
31 49 37 47, 53 53 58 90
31 50 15 62, 53 64 29 78
31 50 29 01
31 50 52 53, 20 86 52 53, 22 80 28 83
31 51 03 62
31 52 52 81
31 54 00 82, 93 97 66 10, 93 89 66 10
31 54 12 31
31 58 78 86
31 60 23 15, 20 92 11 15
31 65 90 68, 30 15 36 49, 93 97 58 10, 25 12 85 70
31 71 97 18
31 77 00 70
31 90 05 06
32 53 61 02, 31 14 52 47, 50 99 93 66, 26 85 61 02, 31 15 97 37
32 84 09 48
33 25 55 07, 20 74 06 09, 22 50 06 10
35 34 36 06
35 35 00 44, 22 72 31 70, 53 55 13 00, 53 76 31 70, 31 22 00 44
35 39 10 88
35 55 09 69
36 45 88 45, 29 39 14 09
36 46 67 15, 40 41 37 15, 61 77 67 15
36 47 27 08
36 72 73 53, 30 70 64 24, 20 63 95 82, 31 18 08 61, 42 77 08 95, 24 76 22 45
39 30 62 64
39 30 77 48
39 40 14 15, 29 32 14 15
39 61 08 03, 20 12 00 66, 40 92 25 08
39 62 42 33, 22 70 89 90
39 63 35 15
39 63 55 69, 22 65 65 85, 23 34 55 69, 30 30 61 22, 29 24 95 85
39 65 62 70, 51 52 14 45, 28 14 02 94
39 76 13 10
39 76 37 60, 50 43 20 50, 60 74 84 89, 53 23 69 18
39 90 16 09, 40 57 17 00
39 90 27 17, 26 85 77 17
40 10 32 42, 23 36 23 39
40 11 31 28, 23 98 31 28
40 11 86 70, 40 76 78 00
40 13 34 65
40 13 93 23
40 15 17 63, 53 50 80 70
40 16 89 64
40 18 27 68
40 18 96 86, 24 79 57 23
40 19 20 97
40 19 51 18
40 19 55 66
40 20 33 40, 40 79 55 77
40 20 35 09
40 20 88 82
40 25 34 77, 50 30 16 16
40 28 91 65
40 29 13 52
40 29 41 24, 40 29 41 24
40 30 24 00
40 30 43 82, 40 89 04 81
40 30 79 77
40 31 11 56
40 32 31 30, 27 50 19 31
40 33 09 59
40 33 89 78
40 34 64 20, 26 80 72 62
40 35 44 12
40 36 12 64
40 37 06 07, 22 85 84 57
40 37 20 52
40 37 36 90, 40 57 94 40
40 38 60 69
40 40 55 35, 20 15 13 33, 20 10 53 33
40 40 58 01
40 41 40 12, 30 63 29 13, 40 41 29 13, 40 41 40 13
40 42 19 42
40 43 63 10
40 43 80 53, 29 65 44 81
40 45 04 33, 40 45 06 56
40 45 37 77, 20 28 28 68, 24 49 97 77
40 45 41 81
40 46 73 47
40 48 20 97
40 49 59 60
40 50 22 22
40 50 26 71
40 50 37 62
40 51 00 80
40 52 16 16
40 53 19 83
40 53 53 52
40 54 84 48
40 55 87 32
40 57 24 12
40 57 25 19, 51 16 12 08
40 57 90 05
40 58 54 02
40 59 12 39
40 59 48 00
40 60 43 46
40 61 31 60, 50 53 11 79, 81 71 65 69, 20 87 88 22
40 61 58 92
40 62 39 84
40 62 53 00
40 62 58 88
40 63 11 63, 30 49 45 02
40 64 70 70
40 68 54 30, 40 68 50 55
40 68 98 23
40 71 89 77, 41 81 90 77
40 72 31 46
40 73 33 12, 25 52 70 05
40 75 72 15, 20 33 59 26
40 75 72 45, 25 13 11 77
40 76 27 04
40 77 60 30
40 80 77 50
40 82 30 82
40 84 66 17
40 86 48 00
40 87 14 57, 25 47 40 91, 25 47 50 12, 24 48 64 88
40 89 15 54, 53 84 15 54
40 89 42 28, 22 25 79 90, 22 65 75 36
40 90 24 80
40 90 33 27
40 90 80 99, 41 68 75 68
40 92 55 00
40 94 95 78
40 96 13 93
40 96 30 31, 22 80 11 25
40 98 90 11
41 11 52 62
41 12 05 49
41 19 22 11
41 22 22 29, 22 33 69 39
41 22 29 18
41 26 05 13
41 43 37 44, 50 55 71 41
41 58 71 14
41 59 85 33
41 60 29 11
41 66 33 79, 62 22 73 50
41 69 29 31
41 95 83 56
41 98 82 59
41 99 33 30
42 22 31 44
42 22 42 34
42 30 98 75
42 31 15 36
42 31 67 61
42 36 63 22
42 36 90 59
42 37 42 07
42 41 70 90, 60 80 35 99
42 45 82 69, 25 78 28 28
42 46 15 99, 42 50 01 04
42 46 18 23
42 47 02 43, 20 99 10 13
42 48 12 49
42 49 86 00, 60 10 30 85, 61 33 38 74
42 50 59 90, 93 85 00 43
42 50 91 11
42 52 88 00, 61 30 64 32
42 57 49 11
42 58 08 89, 42 70 36 18
42 59 03 53
42 66 13 18
42 70 78 40
42 71 70 21, 40 32 23 29
42 73 73 84
42 74 14 99, 71 90 18 08
42 74 68 89, 93 87 68 89
42 74 75 69
42 74 86 31
42 79 05 99, 22 19 24 66, 29 71 82 54
42 80 56 16
42 83 00 35, 27 13 41 35, 23 62 10 59, 20 78 66 99
42 83 39 19
42 91 03 50
42 91 07 06, 30 44 60 21, 42 71 27 75, 22 50 02 49
42 94 55 01
42 95 15 05, 27 10 66 20
43 63 08 24
43 63 20 03
43 69 16 16, 20 75 01 81
43 90 33 70, 20 82 33 70, 40 50 87 98
43 99 26 30, 40 80 52 87
44 16 88 50
44 40 16 99
44 48 19 81, 24 80 77 23
44 48 59 18, 20 31 36 27
44 65 62 71, 40 71 62 71, 26 14 62 71, 40 75 03 11
44 84 73 45, 21 20 40 51, 26 92 47 67
44 95 96 35, 22 23 22 44
45 42 43 09, 40 16 13 09
45 57 00 75, 28 18 18 56
45 66 02 48
45 66 34 56, 40 95 34 56
45 76 77 80, 53 61 66 84
45 81 54 51
45 81 72 32, 21 23 72 32, 23 69 09 60
45 82 89 80, 27 12 16 22, 41 41 24 97
45 83 60 03, 21 79 00 88, 23 67 75 85, 30 11 31 99
45 87 44 73
46 15 23 33, 40 26 15 55, 40 81 79 22
46 32 01 56, 30 66 66 81, 23 32 49 99, 40 35 21 43
46 35 71 52
46 35 72 26, 24 27 94 26
46 73 03 77
46 73 19 24, 21 76 40 24, 40 85 41 88
46 75 57 73, 22 61 46 75, 40 13 62 00
46 78 86 50, 22 99 30 81
47 94 09 25, 24 67 59 25, 26 13 59 25
48 14 15 34, 71 70 19 26
48 23 62 14, 21 84 55 22
48 39 80 90
49 15 14 11, 81 61 14 98
50 11 42 06
50 22 10 53
50 39 98 99
50 40 18 87
50 40 37 17
50 42 21 56
50 42 82 63, 60 58 71 82
50 43 60 51
50 45 99 24
50 46 94 73
50 46 96 55
50 48 35 90
50 48 85 68, 26 78 52 25, 27 59 85 68
50 50 18 21
50 50 33 39, 61 41 94 95, 60 56 78 65, 52 11 50 50, 93 60 62 36
50 55 21 36, 24 84 84 55, 50 59 07 89
50 56 71 13
50 69 24 25
50 69 52 57, 52 27 24 02
50 70 70 90
50 71 57 88, 93 91 57 88
50 74 00 00
50 74 94 69
50 78 35 32
50 85 33 13
50 93 01 65
51 16 20 07
51 16 79 99
51 20 16 20
51 20 82 86
51 22 62 34
51 24 48 93, 60 61 81 42, 22 87 31 80
51 28 51 00
51 29 30 24, 24 89 79 11
51 31 64 56
51 36 10 55
51 36 47 23, 29 34 56 07
51 37 71 26, 28 69 01 69
51 41 32 64, 24 84 32 64
51 42 41 52
51 43 66 89
51 44 85 53
51 50 05 34
51 51 63 06
51 51 84 20
51 51 99 00
51 55 97 99
51 59 14 10
51 66 03 13
51 72 16 16
51 80 10 77
51 80 15 66
51 84 07 55
51 89 00 26, 53 56 00 96, 51 77 30 03, 22 91 55 64
51 90 87 24
51 91 84 20
51 95 53 88, 31 74 27 21, 40 23 26 91, 29 89 42 06, 51 86 75 34
51 96 00 18
51 98 53 43
52 11 48 66
52 24 11 61, 52 24 44 94, 52 24 64 14
52 37 26 60, 61 75 23 36
52 39 07 47, 61 78 13 27, 52 58 83 84
52 40 80 40
52 50 65 76, 75 58 21 41, 61 13 93 41
52 50 67 20
52 58 18 09, 60 24 26 56
52 58 19 91
52 58 88 80, 29 70 24 82
52 92 89 03
53 14 52 98
53 31 80 50, 41 27 15 28, 42 15 40 05, 20 73 84 02
53 50 56 50
53 53 98 08
53 55 71 15
53 63 68 86, 20 81 81 51, 29 28 45 08
53 64 94 59, 40 86 94 59, 24 52 60 64, 40 86 94 26
53 65 73 75
53 67 53 77
53 69 31 59
53 76 01 75
53 76 28 07
53 77 87 89, 31 21 11 65
53 78 13 01, 24 28 23 00, 22 26 76 66, 40 92 12 12, 40 14 80 41
53 80 87 87
53 81 28 80, 53 68 89 65
53 81 65 51, 51 15 85 41, 23 30 26 20, 23 96 96 38
53 82 84 94
53 82 91 10, 53 83 91 10
53 85 53 51
53 89 21 12, 31 35 98 97
55 99 29 69, 31 42 23 32, 31 60 29 69, 31 49 68 89
56 31 41 89
56 50 68 41
56 63 42 15, 20 16 97 15
57 52 63 31, 57 52 63 32
58 35 15 86
59 26 60 11, 26 25 60 11
59 59 50 55
60 10 64 64
60 11 80 20
60 13 66 42
60 13 72 51
60 17 11 52, 26 25 53 04
60 17 98 76, 51 85 29 39, 20 40 18 26
60 21 95 44, 26 21 83 28
60 22 22 96
60 24 09 94, 28 91 06 15, 20 74 84 80, 31 34 18 00
60 38 06 20
60 45 09 90
60 46 85 59, 60 48 12 84
60 47 40 76, 31 41 88 30
60 51 95 98
60 54 94 18, 60 52 81 28
60 56 10 59, 93 87 90 30
60 59 59 84
60 59 60 96
60 62 95 50
60 63 55 99
60 66 01 17, 40 45 21 67
60 67 52 19
60 67 69 06
60 72 25 12
60 73 36 24, 25 70 95 68
60 78 63 36
60 80 90 76
60 83 96 16, 60 21 10 98
60 85 95 75, 60 70 75 36, 60 70 75 46, 51 51 67 85
60 86 27 64
60 89 01 26, 40 55 16 46
60 92 06 23
60 94 67 57
61 11 35 20
61 13 07 50, 61 70 45 39
61 13 87 40
61 18 00 80, 30 57 43 11
61 18 95 98
61 20 30 71
61 22 56 98
61 26 12 96
61 27 77 22
61 28 67 26
61 28 87 26, 61 31 87 26
61 28 98 29
61 30 00 54
61 33 80 05, 61 33 79 19, 61 30 60 04, 25 53 80 05
61 38 33 51
61 39 24 45
61 39 62 61
61 40 17 27
61 40 22 66
61 40 82 55
61 40 93 63
61 41 60 12, 20 13 69 65
61 45 36 25, 42 53 98 20
61 45 79 38, 23 32 27 51, 28 57 88 99, 21 64 79 09
61 46 16 60
61 50 25 99, 30 46 25 99
61 60 12 71, 42 92 73 43, 60 52 10 32
61 60 62 13
61 65 88 17, 61 30 26 99
61 66 03 27, 51 91 73 03
61 67 36 05, 20 82 36 05, 29 87 36 05, 61 72 36 05, 61 26 36 05, 51 95 36 05, 30 29 78 14, 51 93 05 54, 30 74 02 46, 41 69 13 80, 29 71 36 05
61 67 87 09, 61 68 87 09
61 68 31 79
61 68 36 94
61 70 78 63
61 71 44 87, 61 71 88 17
61 71 63 73, 20 30 78 55
61 74 26 13
61 74 71 58
61 75 77 69
61 77 01 08, 61 77 23 15, 61 77 12 35
61 77 08 54
61 77 79 31, 61 77 19 20
61 78 82 90
61 78 95 78, 60 83 06 00, 93 92 12 09
62 21 12 49
62 25 23 60
62 61 03 03, 30 96 53 09, 91 15 50 85
62 61 19 91
62 66 17 66
64 47 42 23, 93 95 51 00, 93 87 54 00, 26 84 23 27, 42 49 30 85, 23 86 29 25
64 69 25 72
64 73 13 31
64 83 14 14, 40 93 66 22
65 90 15 06
65 90 84 74
71 70 46 53, 21 34 82 66, 23 45 90 43
71 75 98 28
71 78 50 21, 28 44 51 04
71 94 43 34
71 94 87 82
71 95 82 55
71 95 89 35
71 96 96 95
74 45 42 00
74 49 11 06
75 13 43 44, 20 63 81 44, 22 24 34 46
75 24 61 41, 24 89 92 33
75 33 24 62
75 36 86 15
75 42 02 06
75 52 72 31, 41 81 72 31
75 54 05 40
75 67 90 99
75 71 19 18
75 80 36 26
75 93 08 17
76 28 00 21, 28 49 86 30, 21 72 49 86
81 61 71 07
81 75 23 39, 52 40 73 63, 21 28 27 13, 30 21 85 11, 30 21 99 63, 71 95 89 66
86 21 46 65
86 27 29 88
86 39 55 52, 25 36 40 90
86 45 25 11, 20 96 10 11
86 48 36 96
86 53 11 91
86 59 66 90
86 95 06 61
86 99 49 19, 24 99 12 38, 40 35 41 32
91 53 10 76
91 56 34 45, 22 34 69 04, 50 18 77 00
91 75 27 10
93 80 77 10
93 84 21 10, 60 53 25 08, 91 25 14 03
93 84 58 81, 93 89 81 23
93 84 60 18, 60 56 16 14
93 84 99 01, 93 89 49 82
93 85 86 88, 42 91 86 88
93 86 19 70
93 88 10 35, 25 77 00 96, 93 99 10 35, 93 88 23 29
93 89 02 07, 93 89 05 05
93 91 61 88
93 93 06 55, 60 75 21 17
93 93 89 20
93 94 09 02, 50 69 47 46
93 94 43 23, 21 81 43 23
93 95 80 70
93 96 17 02
93 99 00 54
93 99 00 94
96 60 05 65
96 89 30 40
97 12 21 01
97 44 11 55
97 53 80 40
97 70 71 21, 56 16 90 16, 23 38 84 36, 20 10 50 33, 40 25 21 41, 51 31 78 94
98 14 55 12, 20 24 18 36, 40 89 55 12
98 19 23 69, 25 26 83 93
98 80 03 28