7331059112400
7331059111878
7331059111885
7331059112493
7331059121419
7331059121440
7331059121471
7331059121488
7331059121587
7331059121594
7331059121211
7331059121280
7331059202804
7331059140007
7331059143909
7331059901806
7331059902209
7331059902506
7331059902605
7331059902803
7331059903008
7331059903206
7331059903305
7331059912802
7331059902087
7331059902483
7331059941604
7331059941802
7331059942007
7331059209018
7331059208080
7331059208097
7331059151805
7331059150501
7331059156008
7331059756107
7331059156206
7331059156305
7331059154004
7331059154509
7331059154608
7331059154707
7331059154806
7331059155100
7331059155209
7331059155308
7331059155407
7331059372248
7331059210120
7331059956202
7331059956240
7331059956288
7331059901400
7331059901417
7331059901578
7331059901905
7331059901929
7331059901936